 2.99837925445705e+000    2.30971128608924e+001
 3.03889789303079e+000    2.88713910761155e+001
 3.07941653160454e+000    3.46456692913386e+001
 3.11993517017828e+000    3.46456692913386e+001
 3.16045380875203e+000    4.04199475065617e+001
 3.24149108589951e+000    5.19685039370079e+001
 3.40356564019449e+000    6.92913385826772e+001
 3.56564019448947e+000    8.66141732283465e+001
 3.80875202593193e+000    1.21259842519685e+002
 4.01134521880065e+000    1.44356955380577e+002
 4.17341977309562e+000    1.73228346456693e+002
 4.41653160453809e+000    2.13648293963255e+002
 4.65964343598055e+000    2.48293963254593e+002
 4.86223662884927e+000    2.82939632545932e+002
 5.06482982171799e+000    3.23359580052493e+002
 5.26742301458671e+000    3.69553805774278e+002
 5.47001620745543e+000    4.15748031496063e+002
 5.75364667747164e+000    4.79265091863517e+002
 6.28038897893031e+000    6.29396325459318e+002
 6.40194489465154e+000    6.75590551181102e+002
 6.68557536466775e+000    7.79527559055118e+002
 6.92868719611021e+000    8.77690288713911e+002
 7.25283630470016e+000    1.01049868766404e+003
 7.33387358184765e+000    1.02782152230971e+003
 7.45542949756888e+000    1.10288713910761e+003
 7.65802269043760e+000    1.18372703412074e+003
 7.86061588330632e+000    1.27611548556430e+003
 8.22528363047002e+000    1.43779527559055e+003
 8.87358184764992e+000    1.70341207349081e+003
 9.19773095623987e+000    1.83044619422572e+003
 9.76499189627229e+000    1.94015748031496e+003
 9.48136142625608e+000    1.89973753280840e+003
 1.00081037277147e+001    1.96902887139108e+003
 1.02917341977310e+001    1.98635170603675e+003
 1.07374392220421e+001    1.99212598425197e+003
 1.13047001620746e+001    1.99790026246719e+003
 1.20340356564019e+001    1.99790026246719e+003
 1.24797406807131e+001    2.00367454068241e+003
 1.36952998379254e+001    1.99790026246719e+003
 1.43841166936791e+001    1.99790026246719e+003
 1.53565640194489e+001    1.99790026246719e+003
 1.62074554294976e+001    2.00367454068241e+003
 1.71799027552674e+001    2.00367454068241e+003
 1.82739059967585e+001    2.00367454068241e+003
 1.98541329011345e+001    2.00367454068241e+003
 2.17585089141005e+001    2.00367454068241e+003
 2.26499189627229e+001    2.00367454068241e+003
 2.34197730956240e+001    2.00367454068241e+003
 2.40275526742301e+001    2.00367454068241e+003
 2.49189627228525e+001    2.00367454068241e+003
